[ 2585.500279] [Project1] 3498 1588058366.427615404 1588058367.197809696
[ 2587.277414] [Project1] 3501 1588058368.197201252 1588058368.974938869
[ 2588.889405] [Project1] 3502 1588058369.812509060 1588058370.586926937
[ 2590.446776] [Project1] 3503 1588058371.372095585 1588058372.144292593
[ 2591.980346] [Project1] 3504 1588058372.923170328 1588058373.677577734
[ 2593.568870] [Project1] 3505 1588058374.478262663 1588058375.266379118
[ 2595.143907] [Project1] 3506 1588058376.060961723 1588058376.841411829
[ 2596.711363] [Project1] 3507 1588058377.652058840 1588058378.408863306
[ 2598.226887] [Project1] 3508 1588058379.129781961 1588058379.924384832
[ 2599.703830] [Project1] 3509 1588058380.647563457 1588058381.401316643
